2055 memory= 154 MB AvgMatchNum= 935.944000 AvgInsertTime= 0.003019 ms AvgDeleteTime= -nan ms AvgMatchTime= 22.715484 ms AvgCmpTime= 0.198450 ms AvgMarkTime= 21.156131 ms AvgBitTime= 1.208538 ms pD= 1 avx= 256 numBuk= 1000 numSub= 1000000 subSize= 10 numPub= 1000 pubSize= 50 attTypes= 50 attGroup= 1 attNumType= 0 attDis= 1 valDis= 1 width= 0.000000 alpha= 0.800000 subp= 0.000000 mean= 0.500000 stddev= 1.000000 valDom= 1000000.000000
MatchSubPerEvent= [
[1879.000000, 675.000000, 218.000000, 1484.000000, 938.000000, 652.000000, 322.000000, 1744.000000, 248.000000, 487.000000, 1552.000000, 1001.000000, 2067.000000, 1349.000000, 158.000000, 840.000000, 412.000000, 376.000000, 1417.000000, 354.000000, 1230.000000, 2429.000000, 1373.000000, 472.000000, 1343.000000, 1005.000000, 412.000000, 1038.000000, 551.000000, 502.000000, 534.000000, 973.000000, 1451.000000, 132.000000, 1099.000000, 1401.000000, 1470.000000, 1556.000000, 1300.000000, 337.000000, 170.000000, 1402.000000, 606.000000, 846.000000, 1240.000000, 173.000000, 158.000000, 569.000000, 2418.000000, 2098.000000],
[59.000000, 1171.000000, 1595.000000, 491.000000, 577.000000, 272.000000, 1205.000000, 880.000000, 522.000000, 931.000000, 363.000000, 561.000000, 760.000000, 411.000000, 745.000000, 934.000000, 2633.000000, 1633.000000, 1843.000000, 479.000000, 385.000000, 536.000000, 692.000000, 2130.000000, 321.000000, 494.000000, 1590.000000, 671.000000, 372.000000, 906.000000, 806.000000, 805.000000, 1552.000000, 1199.000000, 2072.000000, 911.000000, 1116.000000, 525.000000, 450.000000, 195.000000, 908.000000, 1290.000000, 868.000000, 1028.000000, 234.000000, 169.000000, 300.000000, 474.000000, 875.000000, 464.000000],
[2158.000000, 413.000000, 1261.000000, 440.000000, 1766.000000, 120.000000, 1991.000000, 253.000000, 550.000000, 160.000000, 161.000000, 197.000000, 439.000000, 922.000000, 1921.000000, 655.000000, 766.000000, 1427.000000, 1826.000000, 155.000000, 277.000000, 1054.000000, 1843.000000, 685.000000, 1334.000000, 320.000000, 1049.000000, 2062.000000, 1397.000000, 1412.000000, 281.000000, 330.000000, 1251.000000, 833.000000, 427.000000, 133.000000, 448.000000, 816.000000, 389.000000, 715.000000, 335.000000, 393.000000, 1425.000000, 1709.000000, 824.000000, 387.000000, 1274.000000, 678.000000, 846.000000, 1336.000000],
[524.000000, 947.000000, 1123.000000, 2719.000000, 337.000000, 778.000000, 3467.000000, 61.000000, 3520.000000, 521.000000, 769.000000, 1443.000000, 979.000000, 370.000000, 717.000000, 861.000000, 565.000000, 2657.000000, 1631.000000, 177.000000, 2229.000000, 1138.000000, 660.000000, 1644.000000, 915.000000, 756.000000, 1925.000000, 310.000000, 832.000000, 3223.000000, 2794.000000, 1231.000000, 472.000000, 1667.000000, 2021.000000, 1228.000000, 2410.000000, 663.000000, 2563.000000, 1196.000000, 972.000000, 189.000000, 747.000000, 1696.000000, 591.000000, 1077.000000, 1693.000000, 523.000000, 871.000000, 786.000000],
[320.000000, 677.000000, 1384.000000, 1015.000000, 253.000000, 328.000000, 569.000000, 1182.000000, 650.000000, 1462.000000, 1583.000000, 696.000000, 873.000000, 305.000000, 1090.000000, 207.000000, 444.000000, 456.000000, 261.000000, 677.000000, 1326.000000, 117.000000, 439.000000, 713.000000, 975.000000, 1273.000000, 1179.000000, 760.000000, 164.000000, 856.000000, 925.000000, 1347.000000, 1883.000000, 859.000000, 530.000000, 77.000000, 925.000000, 712.000000, 543.000000, 526.000000, 927.000000, 171.000000, 1001.000000, 485.000000, 1050.000000, 590.000000, 785.000000, 251.000000, 1168.000000, 673.000000],
[371.000000, 1569.000000, 25.000000, 58.000000, 580.000000, 502.000000, 3797.000000, 729.000000, 1077.000000, 623.000000, 1938.000000, 925.000000, 623.000000, 1966.000000, 1186.000000, 538.000000, 980.000000, 3184.000000, 494.000000, 548.000000, 87.000000, 1015.000000, 1713.000000, 151.000000, 2258.000000, 234.000000, 1112.000000, 180.000000, 1237.000000, 538.000000, 620.000000, 160.000000, 887.000000, 801.000000, 2789.000000, 418.000000, 1020.000000, 765.000000, 1627.000000, 1804.000000, 163.000000, 1632.000000, 986.000000, 278.000000, 603.000000, 816.000000, 531.000000, 982.000000, 536.000000, 368.000000],
[608.000000, 1450.000000, 790.000000, 1101.000000, 308.000000, 1729.000000, 1811.000000, 242.000000, 2321.000000, 206.000000, 1292.000000, 847.000000, 419.000000, 641.000000, 1474.000000, 1283.000000, 906.000000, 1542.000000, 429.000000, 431.000000, 699.000000, 328.000000, 1498.000000, 628.000000, 1502.000000, 676.000000, 1080.000000, 1271.000000, 930.000000, 2252.000000, 710.000000, 789.000000, 773.000000, 1016.000000, 536.000000, 349.000000, 127.000000, 414.000000, 201.000000, 2163.000000, 1141.000000, 338.000000, 491.000000, 200.000000, 135.000000, 259.000000, 712.000000, 483.000000, 372.000000, 567.000000],
[312.000000, 1180.000000, 545.000000, 730.000000, 912.000000, 1363.000000, 559.000000, 1146.000000, 537.000000, 258.000000, 669.000000, 1010.000000, 601.000000, 911.000000, 2319.000000, 848.000000, 841.000000, 1250.000000, 211.000000, 410.000000, 186.000000, 941.000000, 1192.000000, 2185.000000, 468.000000, 837.000000, 998.000000, 624.000000, 462.000000, 602.000000, 315.000000, 463.000000, 571.000000, 924.000000, 3641.000000, 665.000000, 1417.000000, 3028.000000, 946.000000, 1527.000000, 422.000000, 377.000000, 385.000000, 547.000000, 1239.000000, 2190.000000, 710.000000, 974.000000, 924.000000, 253.000000],
[501.000000, 1422.000000, 706.000000, 57.000000, 1037.000000, 67.000000, 663.000000, 234.000000, 381.000000, 813.000000, 1073.000000, 1190.000000, 786.000000, 365.000000, 432.000000, 221.000000, 1470.000000, 2106.000000, 2341.000000, 618.000000, 1366.000000, 1538.000000, 910.000000, 211.000000, 453.000000, 409.000000, 1489.000000, 1318.000000, 772.000000, 614.000000, 889.000000, 867.000000, 710.000000, 84.000000, 596.000000, 1146.000000, 1363.000000, 1134.000000, 628.000000, 2165.000000, 1374.000000, 788.000000, 905.000000, 1038.000000, 412.000000, 1816.000000, 219.000000, 335.000000, 464.000000, 1293.000000],
[147.000000, 842.000000, 1858.000000, 357.000000, 2460.000000, 307.000000, 1923.000000, 2290.000000, 231.000000, 1074.000000, 921.000000, 314.000000, 322.000000, 2851.000000, 767.000000, 1462.000000, 398.000000, 581.000000, 1328.000000, 1128.000000, 290.000000, 2345.000000, 821.000000, 2623.000000, 769.000000, 2258.000000, 1379.000000, 475.000000, 1636.000000, 314.000000, 885.000000, 1382.000000, 1106.000000, 106.000000, 805.000000, 529.000000, 1312.000000, 430.000000, 1143.000000, 264.000000, 851.000000, 3139.000000, 708.000000, 839.000000, 882.000000, 848.000000, 481.000000, 3140.000000, 907.000000, 1524.000000],
[1186.000000, 3465.000000, 2348.000000, 618.000000, 1009.000000, 1143.000000, 548.000000, 2669.000000, 279.000000, 1648.000000, 1212.000000, 677.000000, 676.000000, 476.000000, 379.000000, 1205.000000, 166.000000, 658.000000, 311.000000, 272.000000, 388.000000, 971.000000, 764.000000, 1078.000000, 141.000000, 713.000000, 397.000000, 1348.000000, 101.000000, 352.000000, 138.000000, 1463.000000, 1134.000000, 462.000000, 1089.000000, 206.000000, 326.000000, 538.000000, 679.000000, 913.000000, 925.000000, 359.000000, 1005.000000, 580.000000, 684.000000, 195.000000, 798.000000, 85.000000, 554.000000, 1764.000000],
[1446.000000, 2328.000000, 499.000000, 932.000000, 1246.000000, 1192.000000, 1958.000000, 799.000000, 530.000000, 1437.000000, 678.000000, 455.000000, 1887.000000, 2029.000000, 1383.000000, 2088.000000, 1637.000000, 408.000000, 609.000000, 3001.000000, 1322.000000, 756.000000, 1535.000000, 1054.000000, 208.000000, 380.000000, 1500.000000, 206.000000, 1757.000000, 312.000000, 1953.000000, 566.000000, 1103.000000, 897.000000, 332.000000, 622.000000, 510.000000, 738.000000, 454.000000, 1525.000000, 475.000000, 1464.000000, 1727.000000, 109.000000, 226.000000, 468.000000, 382.000000, 964.000000, 241.000000, 1371.000000],
[1328.000000, 871.000000, 633.000000, 800.000000, 724.000000, 611.000000, 601.000000, 1248.000000, 519.000000, 1212.000000, 811.000000, 1575.000000, 771.000000, 2862.000000, 265.000000, 588.000000, 768.000000, 536.000000, 993.000000, 2803.000000, 629.000000, 1557.000000, 2070.000000, 571.000000, 1026.000000, 1363.000000, 1705.000000, 1540.000000, 739.000000, 348.000000, 3249.000000, 1824.000000, 1230.000000, 477.000000, 1465.000000, 224.000000, 289.000000, 1232.000000, 679.000000, 1635.000000, 324.000000, 703.000000, 458.000000, 813.000000, 189.000000, 328.000000, 415.000000, 622.000000, 689.000000, 1136.000000],
[1486.000000, 737.000000, 297.000000, 108.000000, 669.000000, 2984.000000, 967.000000, 1479.000000, 1441.000000, 82.000000, 954.000000, 228.000000, 615.000000, 208.000000, 395.000000, 301.000000, 2702.000000, 313.000000, 1384.000000, 1113.000000, 786.000000, 806.000000, 372.000000, 727.000000, 280.000000, 400.000000, 433.000000, 230.000000, 1054.000000, 662.000000, 888.000000, 552.000000, 195.000000, 465.000000, 304.000000, 1748.000000, 615.000000, 388.000000, 511.000000, 635.000000, 3049.000000, 232.000000, 753.000000, 3303.000000, 1374.000000, 770.000000, 104.000000, 742.000000, 1118.000000, 1481.000000],
[588.000000, 2300.000000, 1826.000000, 324.000000, 1002.000000, 1305.000000, 145.000000, 233.000000, 2196.000000, 434.000000, 1235.000000, 1909.000000, 869.000000, 667.000000, 692.000000, 1396.000000, 450.000000, 134.000000, 973.000000, 1042.000000, 750.000000, 1388.000000, 508.000000, 120.000000, 219.000000, 295.000000, 613.000000, 1511.000000, 287.000000, 1169.000000, 1123.000000, 1771.000000, 935.000000, 1232.000000, 2054.000000, 778.000000, 1139.000000, 414.000000, 942.000000, 3412.000000, 1607.000000, 97.000000, 164.000000, 597.000000, 127.000000, 968.000000, 1335.000000, 104.000000, 696.000000, 1725.000000],
[599.000000, 430.000000, 3298.000000, 555.000000, 903.000000, 674.000000, 1042.000000, 972.000000, 404.000000, 1146.000000, 1001.000000, 2919.000000, 251.000000, 1331.000000, 1599.000000, 1102.000000, 614.000000, 341.000000, 192.000000, 702.000000, 1449.000000, 89.000000, 323.000000, 1137.000000, 1585.000000, 426.000000, 479.000000, 1847.000000, 645.000000, 354.000000, 299.000000, 709.000000, 3623.000000, 1766.000000, 984.000000, 1363.000000, 1810.000000, 306.000000, 951.000000, 898.000000, 568.000000, 2668.000000, 973.000000, 1442.000000, 1211.000000, 821.000000, 2062.000000, 337.000000, 348.000000, 2114.000000],
[204.000000, 776.000000, 1051.000000, 775.000000, 1284.000000, 474.000000, 851.000000, 2072.000000, 2433.000000, 372.000000, 878.000000, 1115.000000, 2115.000000, 293.000000, 2528.000000, 638.000000, 1989.000000, 610.000000, 184.000000, 699.000000, 1126.000000, 669.000000, 703.000000, 550.000000, 1599.000000, 608.000000, 516.000000, 156.000000, 1036.000000, 1535.000000, 191.000000, 746.000000, 1402.000000, 280.000000, 804.000000, 912.000000, 1222.000000, 161.000000, 28.000000, 1159.000000, 169.000000, 650.000000, 750.000000, 1570.000000, 547.000000, 1354.000000, 988.000000, 377.000000, 167.000000, 2135.000000],
[2960.000000, 150.000000, 212.000000, 430.000000, 2550.000000, 439.000000, 236.000000, 741.000000, 1070.000000, 496.000000, 1357.000000, 760.000000, 702.000000, 209.000000, 1273.000000, 1434.000000, 1096.000000, 1145.000000, 328.000000, 1058.000000, 234.000000, 621.000000, 417.000000, 687.000000, 2263.000000, 263.000000, 762.000000, 298.000000, 1297.000000, 418.000000, 308.000000, 2539.000000, 495.000000, 1126.000000, 1416.000000, 391.000000, 353.000000, 3169.000000, 375.000000, 390.000000, 910.000000, 484.000000, 2781.000000, 1549.000000, 1270.000000, 768.000000, 76.000000, 2173.000000, 242.000000, 152.000000],
[706.000000, 348.000000, 881.000000, 1152.000000, 1855.000000, 928.000000, 1885.000000, 601.000000, 271.000000, 41.000000, 1229.000000, 691.000000, 1092.000000, 646.000000, 572.000000, 669.000000, 632.000000, 697.000000, 531.000000, 101.000000, 195.000000, 190.000000, 766.000000, 194.000000, 504.000000, 925.000000, 909.000000, 280.000000, 819.000000, 740.000000, 206.000000, 1747.000000, 107.000000, 1752.000000, 1481.000000, 1396.000000, 1479.000000, 282.000000, 434.000000, 1004.000000, 2263.000000, 1301.000000, 1133.000000, 1623.000000, 467.000000, 174.000000, 1038.000000, 532.000000, 2613.000000, 310.000000],
[547.000000, 557.000000, 919.000000, 1039.000000, 744.000000, 1376.000000, 2004.000000, 1383.000000, 1097.000000, 978.000000, 594.000000, 250.000000, 501.000000, 324.000000, 315.000000, 1165.000000, 267.000000, 622.000000, 1680.000000, 1718.000000, 801.000000, 2174.000000, 1977.000000, 255.000000, 2119.000000, 221.000000, 487.000000, 241.000000, 131.000000, 37.000000, 662.000000, 629.000000, 1129.000000, 1574.000000, 1020.000000, 391.000000, 625.000000, 118.000000, 324.000000, 1540.000000, 461.000000, 325.000000, 1547.000000, 1332.000000, 334.000000, 245.000000, 808.000000, 318.000000, 764.000000, 597.000000]
]


2054 memory= 154 MB AvgMatchNum= 935.944000 AvgInsertTime= 0.002833 ms AvgDeleteTime= -nan ms AvgMatchTime= 22.649391 ms AvgCmpTime= 0.207165 ms AvgMarkTime= 21.074971 ms AvgBitTime= 1.210058 ms pD= 1 avx= 256 numBuk= 1000 numSub= 1000000 subSize= 10 numPub= 1000 pubSize= 50 attTypes= 50 attGroup= 1 attNumType= 0 attDis= 1 valDis= 1 width= 0.000000 alpha= 0.800000 subp= 0.000000 mean= 0.500000 stddev= 1.000000 valDom= 1000000.000000
MatchSubPerEvent= [
[1879.000000, 675.000000, 218.000000, 1484.000000, 938.000000, 652.000000, 322.000000, 1744.000000, 248.000000, 487.000000, 1552.000000, 1001.000000, 2067.000000, 1349.000000, 158.000000, 840.000000, 412.000000, 376.000000, 1417.000000, 354.000000, 1230.000000, 2429.000000, 1373.000000, 472.000000, 1343.000000, 1005.000000, 412.000000, 1038.000000, 551.000000, 502.000000, 534.000000, 973.000000, 1451.000000, 132.000000, 1099.000000, 1401.000000, 1470.000000, 1556.000000, 1300.000000, 337.000000, 170.000000, 1402.000000, 606.000000, 846.000000, 1240.000000, 173.000000, 158.000000, 569.000000, 2418.000000, 2098.000000],
[59.000000, 1171.000000, 1595.000000, 491.000000, 577.000000, 272.000000, 1205.000000, 880.000000, 522.000000, 931.000000, 363.000000, 561.000000, 760.000000, 411.000000, 745.000000, 934.000000, 2633.000000, 1633.000000, 1843.000000, 479.000000, 385.000000, 536.000000, 692.000000, 2130.000000, 321.000000, 494.000000, 1590.000000, 671.000000, 372.000000, 906.000000, 806.000000, 805.000000, 1552.000000, 1199.000000, 2072.000000, 911.000000, 1116.000000, 525.000000, 450.000000, 195.000000, 908.000000, 1290.000000, 868.000000, 1028.000000, 234.000000, 169.000000, 300.000000, 474.000000, 875.000000, 464.000000],
[2158.000000, 413.000000, 1261.000000, 440.000000, 1766.000000, 120.000000, 1991.000000, 253.000000, 550.000000, 160.000000, 161.000000, 197.000000, 439.000000, 922.000000, 1921.000000, 655.000000, 766.000000, 1427.000000, 1826.000000, 155.000000, 277.000000, 1054.000000, 1843.000000, 685.000000, 1334.000000, 320.000000, 1049.000000, 2062.000000, 1397.000000, 1412.000000, 281.000000, 330.000000, 1251.000000, 833.000000, 427.000000, 133.000000, 448.000000, 816.000000, 389.000000, 715.000000, 335.000000, 393.000000, 1425.000000, 1709.000000, 824.000000, 387.000000, 1274.000000, 678.000000, 846.000000, 1336.000000],
[524.000000, 947.000000, 1123.000000, 2719.000000, 337.000000, 778.000000, 3467.000000, 61.000000, 3520.000000, 521.000000, 769.000000, 1443.000000, 979.000000, 370.000000, 717.000000, 861.000000, 565.000000, 2657.000000, 1631.000000, 177.000000, 2229.000000, 1138.000000, 660.000000, 1644.000000, 915.000000, 756.000000, 1925.000000, 310.000000, 832.000000, 3223.000000, 2794.000000, 1231.000000, 472.000000, 1667.000000, 2021.000000, 1228.000000, 2410.000000, 663.000000, 2563.000000, 1196.000000, 972.000000, 189.000000, 747.000000, 1696.000000, 591.000000, 1077.000000, 1693.000000, 523.000000, 871.000000, 786.000000],
[320.000000, 677.000000, 1384.000000, 1015.000000, 253.000000, 328.000000, 569.000000, 1182.000000, 650.000000, 1462.000000, 1583.000000, 696.000000, 873.000000, 305.000000, 1090.000000, 207.000000, 444.000000, 456.000000, 261.000000, 677.000000, 1326.000000, 117.000000, 439.000000, 713.000000, 975.000000, 1273.000000, 1179.000000, 760.000000, 164.000000, 856.000000, 925.000000, 1347.000000, 1883.000000, 859.000000, 530.000000, 77.000000, 925.000000, 712.000000, 543.000000, 526.000000, 927.000000, 171.000000, 1001.000000, 485.000000, 1050.000000, 590.000000, 785.000000, 251.000000, 1168.000000, 673.000000],
[371.000000, 1569.000000, 25.000000, 58.000000, 580.000000, 502.000000, 3797.000000, 729.000000, 1077.000000, 623.000000, 1938.000000, 925.000000, 623.000000, 1966.000000, 1186.000000, 538.000000, 980.000000, 3184.000000, 494.000000, 548.000000, 87.000000, 1015.000000, 1713.000000, 151.000000, 2258.000000, 234.000000, 1112.000000, 180.000000, 1237.000000, 538.000000, 620.000000, 160.000000, 887.000000, 801.000000, 2789.000000, 418.000000, 1020.000000, 765.000000, 1627.000000, 1804.000000, 163.000000, 1632.000000, 986.000000, 278.000000, 603.000000, 816.000000, 531.000000, 982.000000, 536.000000, 368.000000],
[608.000000, 1450.000000, 790.000000, 1101.000000, 308.000000, 1729.000000, 1811.000000, 242.000000, 2321.000000, 206.000000, 1292.000000, 847.000000, 419.000000, 641.000000, 1474.000000, 1283.000000, 906.000000, 1542.000000, 429.000000, 431.000000, 699.000000, 328.000000, 1498.000000, 628.000000, 1502.000000, 676.000000, 1080.000000, 1271.000000, 930.000000, 2252.000000, 710.000000, 789.000000, 773.000000, 1016.000000, 536.000000, 349.000000, 127.000000, 414.000000, 201.000000, 2163.000000, 1141.000000, 338.000000, 491.000000, 200.000000, 135.000000, 259.000000, 712.000000, 483.000000, 372.000000, 567.000000],
[312.000000, 1180.000000, 545.000000, 730.000000, 912.000000, 1363.000000, 559.000000, 1146.000000, 537.000000, 258.000000, 669.000000, 1010.000000, 601.000000, 911.000000, 2319.000000, 848.000000, 841.000000, 1250.000000, 211.000000, 410.000000, 186.000000, 941.000000, 1192.000000, 2185.000000, 468.000000, 837.000000, 998.000000, 624.000000, 462.000000, 602.000000, 315.000000, 463.000000, 571.000000, 924.000000, 3641.000000, 665.000000, 1417.000000, 3028.000000, 946.000000, 1527.000000, 422.000000, 377.000000, 385.000000, 547.000000, 1239.000000, 2190.000000, 710.000000, 974.000000, 924.000000, 253.000000],
[501.000000, 1422.000000, 706.000000, 57.000000, 1037.000000, 67.000000, 663.000000, 234.000000, 381.000000, 813.000000, 1073.000000, 1190.000000, 786.000000, 365.000000, 432.000000, 221.000000, 1470.000000, 2106.000000, 2341.000000, 618.000000, 1366.000000, 1538.000000, 910.000000, 211.000000, 453.000000, 409.000000, 1489.000000, 1318.000000, 772.000000, 614.000000, 889.000000, 867.000000, 710.000000, 84.000000, 596.000000, 1146.000000, 1363.000000, 1134.000000, 628.000000, 2165.000000, 1374.000000, 788.000000, 905.000000, 1038.000000, 412.000000, 1816.000000, 219.000000, 335.000000, 464.000000, 1293.000000],
[147.000000, 842.000000, 1858.000000, 357.000000, 2460.000000, 307.000000, 1923.000000, 2290.000000, 231.000000, 1074.000000, 921.000000, 314.000000, 322.000000, 2851.000000, 767.000000, 1462.000000, 398.000000, 581.000000, 1328.000000, 1128.000000, 290.000000, 2345.000000, 821.000000, 2623.000000, 769.000000, 2258.000000, 1379.000000, 475.000000, 1636.000000, 314.000000, 885.000000, 1382.000000, 1106.000000, 106.000000, 805.000000, 529.000000, 1312.000000, 430.000000, 1143.000000, 264.000000, 851.000000, 3139.000000, 708.000000, 839.000000, 882.000000, 848.000000, 481.000000, 3140.000000, 907.000000, 1524.000000],
[1186.000000, 3465.000000, 2348.000000, 618.000000, 1009.000000, 1143.000000, 548.000000, 2669.000000, 279.000000, 1648.000000, 1212.000000, 677.000000, 676.000000, 476.000000, 379.000000, 1205.000000, 166.000000, 658.000000, 311.000000, 272.000000, 388.000000, 971.000000, 764.000000, 1078.000000, 141.000000, 713.000000, 397.000000, 1348.000000, 101.000000, 352.000000, 138.000000, 1463.000000, 1134.000000, 462.000000, 1089.000000, 206.000000, 326.000000, 538.000000, 679.000000, 913.000000, 925.000000, 359.000000, 1005.000000, 580.000000, 684.000000, 195.000000, 798.000000, 85.000000, 554.000000, 1764.000000],
[1446.000000, 2328.000000, 499.000000, 932.000000, 1246.000000, 1192.000000, 1958.000000, 799.000000, 530.000000, 1437.000000, 678.000000, 455.000000, 1887.000000, 2029.000000, 1383.000000, 2088.000000, 1637.000000, 408.000000, 609.000000, 3001.000000, 1322.000000, 756.000000, 1535.000000, 1054.000000, 208.000000, 380.000000, 1500.000000, 206.000000, 1757.000000, 312.000000, 1953.000000, 566.000000, 1103.000000, 897.000000, 332.000000, 622.000000, 510.000000, 738.000000, 454.000000, 1525.000000, 475.000000, 1464.000000, 1727.000000, 109.000000, 226.000000, 468.000000, 382.000000, 964.000000, 241.000000, 1371.000000],
[1328.000000, 871.000000, 633.000000, 800.000000, 724.000000, 611.000000, 601.000000, 1248.000000, 519.000000, 1212.000000, 811.000000, 1575.000000, 771.000000, 2862.000000, 265.000000, 588.000000, 768.000000, 536.000000, 993.000000, 2803.000000, 629.000000, 1557.000000, 2070.000000, 571.000000, 1026.000000, 1363.000000, 1705.000000, 1540.000000, 739.000000, 348.000000, 3249.000000, 1824.000000, 1230.000000, 477.000000, 1465.000000, 224.000000, 289.000000, 1232.000000, 679.000000, 1635.000000, 324.000000, 703.000000, 458.000000, 813.000000, 189.000000, 328.000000, 415.000000, 622.000000, 689.000000, 1136.000000],
[1486.000000, 737.000000, 297.000000, 108.000000, 669.000000, 2984.000000, 967.000000, 1479.000000, 1441.000000, 82.000000, 954.000000, 228.000000, 615.000000, 208.000000, 395.000000, 301.000000, 2702.000000, 313.000000, 1384.000000, 1113.000000, 786.000000, 806.000000, 372.000000, 727.000000, 280.000000, 400.000000, 433.000000, 230.000000, 1054.000000, 662.000000, 888.000000, 552.000000, 195.000000, 465.000000, 304.000000, 1748.000000, 615.000000, 388.000000, 511.000000, 635.000000, 3049.000000, 232.000000, 753.000000, 3303.000000, 1374.000000, 770.000000, 104.000000, 742.000000, 1118.000000, 1481.000000],
[588.000000, 2300.000000, 1826.000000, 324.000000, 1002.000000, 1305.000000, 145.000000, 233.000000, 2196.000000, 434.000000, 1235.000000, 1909.000000, 869.000000, 667.000000, 692.000000, 1396.000000, 450.000000, 134.000000, 973.000000, 1042.000000, 750.000000, 1388.000000, 508.000000, 120.000000, 219.000000, 295.000000, 613.000000, 1511.000000, 287.000000, 1169.000000, 1123.000000, 1771.000000, 935.000000, 1232.000000, 2054.000000, 778.000000, 1139.000000, 414.000000, 942.000000, 3412.000000, 1607.000000, 97.000000, 164.000000, 597.000000, 127.000000, 968.000000, 1335.000000, 104.000000, 696.000000, 1725.000000],
[599.000000, 430.000000, 3298.000000, 555.000000, 903.000000, 674.000000, 1042.000000, 972.000000, 404.000000, 1146.000000, 1001.000000, 2919.000000, 251.000000, 1331.000000, 1599.000000, 1102.000000, 614.000000, 341.000000, 192.000000, 702.000000, 1449.000000, 89.000000, 323.000000, 1137.000000, 1585.000000, 426.000000, 479.000000, 1847.000000, 645.000000, 354.000000, 299.000000, 709.000000, 3623.000000, 1766.000000, 984.000000, 1363.000000, 1810.000000, 306.000000, 951.000000, 898.000000, 568.000000, 2668.000000, 973.000000, 1442.000000, 1211.000000, 821.000000, 2062.000000, 337.000000, 348.000000, 2114.000000],
[204.000000, 776.000000, 1051.000000, 775.000000, 1284.000000, 474.000000, 851.000000, 2072.000000, 2433.000000, 372.000000, 878.000000, 1115.000000, 2115.000000, 293.000000, 2528.000000, 638.000000, 1989.000000, 610.000000, 184.000000, 699.000000, 1126.000000, 669.000000, 703.000000, 550.000000, 1599.000000, 608.000000, 516.000000, 156.000000, 1036.000000, 1535.000000, 191.000000, 746.000000, 1402.000000, 280.000000, 804.000000, 912.000000, 1222.000000, 161.000000, 28.000000, 1159.000000, 169.000000, 650.000000, 750.000000, 1570.000000, 547.000000, 1354.000000, 988.000000, 377.000000, 167.000000, 2135.000000],
[2960.000000, 150.000000, 212.000000, 430.000000, 2550.000000, 439.000000, 236.000000, 741.000000, 1070.000000, 496.000000, 1357.000000, 760.000000, 702.000000, 209.000000, 1273.000000, 1434.000000, 1096.000000, 1145.000000, 328.000000, 1058.000000, 234.000000, 621.000000, 417.000000, 687.000000, 2263.000000, 263.000000, 762.000000, 298.000000, 1297.000000, 418.000000, 308.000000, 2539.000000, 495.000000, 1126.000000, 1416.000000, 391.000000, 353.000000, 3169.000000, 375.000000, 390.000000, 910.000000, 484.000000, 2781.000000, 1549.000000, 1270.000000, 768.000000, 76.000000, 2173.000000, 242.000000, 152.000000],
[706.000000, 348.000000, 881.000000, 1152.000000, 1855.000000, 928.000000, 1885.000000, 601.000000, 271.000000, 41.000000, 1229.000000, 691.000000, 1092.000000, 646.000000, 572.000000, 669.000000, 632.000000, 697.000000, 531.000000, 101.000000, 195.000000, 190.000000, 766.000000, 194.000000, 504.000000, 925.000000, 909.000000, 280.000000, 819.000000, 740.000000, 206.000000, 1747.000000, 107.000000, 1752.000000, 1481.000000, 1396.000000, 1479.000000, 282.000000, 434.000000, 1004.000000, 2263.000000, 1301.000000, 1133.000000, 1623.000000, 467.000000, 174.000000, 1038.000000, 532.000000, 2613.000000, 310.000000],
[547.000000, 557.000000, 919.000000, 1039.000000, 744.000000, 1376.000000, 2004.000000, 1383.000000, 1097.000000, 978.000000, 594.000000, 250.000000, 501.000000, 324.000000, 315.000000, 1165.000000, 267.000000, 622.000000, 1680.000000, 1718.000000, 801.000000, 2174.000000, 1977.000000, 255.000000, 2119.000000, 221.000000, 487.000000, 241.000000, 131.000000, 37.000000, 662.000000, 629.000000, 1129.000000, 1574.000000, 1020.000000, 391.000000, 625.000000, 118.000000, 324.000000, 1540.000000, 461.000000, 325.000000, 1547.000000, 1332.000000, 334.000000, 245.000000, 808.000000, 318.000000, 764.000000, 597.000000]
]


